1 10 20
100 200 125
201 210 89
900 1000 174
9 9 20
7 9 20
1 999999 525
1 5 8
999999 999999 259
8 800 171
9 9000 262
20 2 21
20 20 8
900 900 55
9000 9000 48
900000 900000 158
967 967 143
2354 2354 33
200000 200000 130
150 150 16
999999 1 525
999 990 112
90 9 116
12021 12000 144
100 1 119
1000 100 179
23579 23500 282
240000 200000 443
999998 999000 396
10 1 20
200 100 125
210 201 89
1000 900 174
950 1000 143
950 1200 182
5000 10000 262
5050 4050 215
5273 5288 148
2450 2600 209
15 15 18
800 800 29
9000 9000 48
875 875 29
438 438 54
6457 6457 169
3437 3437 150
8965 8965 48
530 530 124
1230 1230 71
85 850 171
470 4000 238
85 850 171
3070 3090 155
8090 9090 247
2345 8650 262
1764 2095 175
9604 9900 242
500 750 171
347 348 126
99 50 119
9000 850 262
8050 4000 262
80 65 116
1090 576 179
948 829 179
10000 9980 180
123 100 114
4142 3000 238
7056 6850 257
857 857 29
8504 8504 79
7483 7483 40
5876 5876 50
234 234 22
869 869 29
9857 9857 61
10000 10000 30
7456 7456 89
930 930 37
476 476 36
8700 9000 247
6584 6900 244
745 860 153
8930 8975 247
4330 4570 215
8521 8990 247
825 866 148
1204 6089 238
7504 7555 208
6453 6700 244
8438 8650 203
8650 8438 203
6700 6453 244
7555 7504 208
6089 1204 238
866 825 148
8990 8521 247
4570 4330 215
9000 8700 247
6900 6584 244
860 745 153
8975 8930 247
